[  6  46  86 126]
[  6  46  86 126]
[  6  46  86 126]
[  6  46  86 126]
[  6  46  86 126]
[  6  46  86 126]
[  6  46  86 126]
[  6  46  86 126]
[  6  46  86 126]
[  6  46  86 126]
[  6  46  86 126]
[  6  46  86 126]
[  6  46  86 126]
[  6  46  86 126]
[  6  46  86 126]
[  6  46  86 126]
[  6  46  86 126]
[  6  46  86 126]
[  6  46  86 126]
[  6  46  86 126]
[  6  46  86 126]
[  6  46  86 126]
[  6  46  86 126]
[  6  46  86 126]
[  6  46  86 126]
[  6  46  86 126]
[  6  46  86 126]
[  6  46  86 126]
[  6  46  86 126]
[  6  46  86 126]
[  6  46  86 126]
[  6  46  86 126]
